*BOSSES
BOSTAB DATA BOSS1,8,10,-8,0,-8,32,-8,64,3
       DATA BOSS2,11,10,-8,0,-8,32,-8,64,7
       DATA BOSS3,7,10,-8,0,-8,32,-8,64,6
       DATA BOSS4,12,10,-8,0,8,32,-8,64,11
       DATA BOSS5,9,14,8,16,8,48,8,80,14
BOSS1 BYTE 231,231,231,231,231,231,231,231
      BYTE 231,231,231,231,231,231,231,231
      BYTE 231,231,231,231,231,231,231,231
      BYTE 231,231,231,231,231,231,228,231
      BYTE 231,231,231,231,231,231,231,227
      BYTE 206,228,231,229,249,249,230,231
      BYTE 227,206,206,206,228,231,229,230
      BYTE 231,227,206,206,206,206,206,228
      BYTE 231,231,227,206
      BYTE 206,206,206,206,206,206,228,227
      BYTE 206,206,206,206
BOSS2 BYTE 228,231,231,231,231,231,231,231
      BYTE 231,227,206,228,231,231,231,231
 BYTE 231,231,227,206,206,206,228,231
 BYTE 231,231,231,227,206,206,206,206
 BYTE 206,228,231,231,227,206,206,206
 BYTE 206,206,206,206,231,231,206,206
 BYTE 206,206,206,206,206,206,231,231
 BYTE 206,206,206,206,206,206,206,230
 BYTE 231,231,229,206,206,206,206,206
 BYTE 230,231,231,231,231,229,206,206
 BYTE 206,206,228,231,231,231,231,227
 BYTE 206,206,206,206,206,228,229,230
 BYTE 227,206,206,206,206,206,206,206
 BYTE 228,227,206,206,206,206
BOSS3 BYTE 231,231,231,231,231,231,231,231
 BYTE 231,231
 BYTE 231,231,231,231,231,231,231,231
 BYTE 231,231
 BYTE 231,231,231,231,231,231,231,231
 BYTE 231,231
 BYTE 231,231,231,231,231,231,231,231
 BYTE 231,231
 BYTE 228,231,231,231,231,231,231,231
 BYTE 231,227
 BYTE 206,228,229,231,249,249,231,230
 BYTE 227,206
 BYTE 206,206,228,231,231,231,231,227
 BYTE 206,206
BOSS4 BYTE 231,231,206,206,206,206,206,206
 BYTE 231,231
 BYTE 231,231,229,206,206,206,206,230
 BYTE 231,231
 BYTE 231,231,228,229,231,231,230,227
 BYTE 231,231
 BYTE 231,231,229,228,231,231,227,230
 BYTE 231,231
 BYTE 231,231,228,229,231,231,230,227
 BYTE 231,231
 BYTE 206,206,206,228,231,231,227,206
 BYTE 206,206
 BYTE 206,206,206,206,231,231,206,206
 BYTE 206,206
 BYTE 206,206,206,230,231,231,229,206
 BYTE 206,206
 BYTE 206,206,230,231,231,231,231,229
 BYTE 206,206
 BYTE 206,206,231,231,249,249,231,231
 BYTE 206,206
 BYTE 206,206,228,231,231,231,231,227
 BYTE 206,206
 BYTE 206,206,206,228,231,231,227,206
 BYTE 206,206
BOSS5 BYTE 229,206,206,206,206,206,206,206
 BYTE 206,206,206,206,206,230
 BYTE 231,229,206,206,206,206,206,206
 BYTE 206,206,206,206,230,231
 BYTE 231,231,231,231,231,231,231,231
 BYTE 231,231,231,231,231,231
 BYTE 231,231,231,231,231,231,231,231
 BYTE 231,231,231,231,231,231
 BYTE 228,231,231,231,231,231,231,231
 BYTE 231,231,231,231,231,227
 BYTE 206,228,231,231,231,228,231,231
 BYTE 227,231,231,231,227,206
 BYTE 206,206,206,206,231,231,231,231
 BYTE 231,231,206,206,206,206
 BYTE 206,206,206,206,228,231,227,228
 BYTE 231,227,206,206,206,206
 BYTE 206,206,206,206,206,228,231,231
 BYTE 227,206,206,206,206,206
H01 BYTE >01
 EVEN
